      1 -8
      1 -7
      4 -5
      1 -4
      4 -3
      5 -2
     20 -1
     82 0
    153 1
    191 2
    199 3
    188 4
    163 5
    170 6
    154 7
    144 8
    124 9
     95 10
     83 11
    110 12
     85 13
     70 14
     66 15
     56 16
     66 17
     55 18
     45 19
     38 20
     30 21
     34 22
     36 23
     23 24
     18 25
     28 26
     22 27
     19 28
     15 29
     11 30
     13 31
     13 32
      7 33
     14 34
      5 35
      7 36
      8 37
      8 38
      2 39
      4 40
      5 41
      2 42
      9 43
      3 44
      2 45
      2 46
      2 47
      3 48
      2 49
      2 50
      1 51
      1 53
      1 54
      2 55
      2 56
      5 57
      2 58
      2 60
      1 62
      1 63
      1 64
      1 66
      1 73
      1 105
